98683
861757
863622
1039218
1276774
1582220
2621572
2644764
4004085
4203863
4488937
4563164
4571652
4857165
6610139
7654509
8165107
8679400
8980074
9212231
9397260
9619898
12771318
12888921
13115963
14349707
14646156
16268314
17758985
18548727
18787352
18828154
21043868
21642875
24711272
27376161
27721124
28014609
28806427
28941396
28979597
30435858
30506810
33038215
33480779
33585685
33794560
34221936
35125139
35788972
36012974
36822154
36998979
38124442
38455563
38758188
38988989
40033321
40309431
40700609
41710394
42124226
42805522
42968159
43567212
44363889
45136439
46817812
48089558
49075832
49088289
49273694
49555686
49852226
49981206
51087149
52155473
54460861
55442753
57008745
57938493
58312289
61578512
64353381
64353387
64355522
64685554
67945574
70596301
70821584
70843883
71281975
71441425
72679388
72826013
74072490
74149025
74282148
75223872
75229913
75320470
77337964
77382087
78382660
78518518
79101586
79708502
79977848
80019954
80108652
80407337
81390289
84293383
84297203
86166651
86166653
86277983
87790410
88543702
88848994
89050669
89684080
93096814
93773200
94092364
96308788
96465775
97918311
98619395
100125374
100659794
100758168
101341662
102469926
102757501
103264398
103830707
103891430
104312250
104393184
104619776
104815381
104936464
105111784
106091425
106453913
107611607
108676817
109035271
112965684
114211674
114610699
115038968
115188253
115210819
115849432
115884672
117134104
119971833
120199378
120813822
120934136
120994995
121078835
122074094
124876847
124979459
124996505
125053318
125090649
144434460
144434470
144965009
144994579
145009316
145438358
145479918
146678483
146822809
146825253
147838911
148354909
149670328
150883776
151002190
152755660
152843799
154566506
155466076
156197613
157846776
158716444
159041146
159075621
159232158
160139537
160813423
162479087
163153200
164522093
166424970
168311010
170711097
170849680
171027073
171790228
172656240
172851515
174134046
174953049
175281691
176711078
177098171
179418628
179492448
179703792
180137953
180854048
181710940
181968327
182362829
186485505
186999026
187397042
188002835
188144440
188144481
188190942
188284328
188307824
188629087
188648744
188973844
189149883
189460573
191096268
191167225
192688661
192719883
192749385
192785310
192867009
193246880
193461706
194351016
195425718
196094501
196687837
196761587
196815774
196921758
197501729
198989751
201968228
204507777
205592856
209623019
211214806
211414319
212508251
215753679
215975978
216183937
216200134
216253743
216482850
217931998
217948531
219863291
220041016
221236477
221575965
222000866
222421640
222505072
222505169
224368661
224946047
225839366
226779278
226954685
229180525
232161068
233924907
236919962
237066787
237373443
238097938
238676732
239684638
239769880
241012044
241549256
241675542
241701170
242081024
242124149
243039374
243169429
244672118
245971645
246272520
247103309
247546157
248585450
248648865
248751477
62044
910681
980695
1358837
1557714
1662383
2163169
2286894
2371699
2472911
3018097
3077107
4245208
5074760
5245926
5491464
5600294
5747707
10804638
11001537
11080203
12549255
12597813
13935022
14906779
15192234
16682849
17391870
18583931
19384809
20019719
21004027
21607963
22024431
22024433
23403732
25191807
25267208
26702407
26868558
28406054
28771807
28778788
29170435
29505258
31128967
33133524
33155378
34494147
34846905
35705083
37513920
37592264
39266747
40325704
40485918
40759899
41117391
41505426
41615047
42393263
44409093
44542550
45453268
46341857
46833305
47653509
49818105
49853915
50280045
50769970
50954611
51556575
52683605
52729147
52871938
53122448
53330534
56626881
56999741
57249468
57276614
58955789
59947783
61178891
61194951
62552856
63086410
65017495
65132084
65789247
66103851
67019259
67397002
68434124
69614427
69748710
70018148
71417341
71502998
71585862
71655818
72319258
73515768
74296616
75222653
75655030
76396714
76511746
76945326
77048650
77257885
77421567
77979463
78134766
78269560
78367946
79592122
80673476
81630068
81690056
82334057
82729960
83844109
84061797
84215620
84362962
87195339
87516826
87865320
87879401
88833520
89842679
90085072
90242074
90362999
90378108
91862091
91877555
91942758
92716774
92755807
92887760
93077539
93077543
93305057
93370340
93759997
93839338
94680367
95220609
99761394
99933014
100428312
100528016
101191751
102304074
102814641
104636986
105134335
105372252
105662124
106940149
107536566
107888801
108270261
109090337
109296221
110886380
111409257
112907503
113512263
114171861
115890098
116669213
117029048
117133055
117250383
117651638
118208357
119558668
121109442
121682019
122096331
123438133
123929470
124223086
125404716
126771777
126872413
127035419
127535174
128145989
128402373
128403087
128725662
128935769
129392915
129484585
129489022
129621252
130002225
130741569
130946877
130992496
131377963
131770301
133379081
133536125
134592426
135237811
135237836
136867205
136914907
137286097
137361252
137377866
139984781
140115338
140321348
140497394
140881414
141027581
141293244
141958548
141996224
143870365
145165600
145217217
145376113
145419714
145441860
145628376
146031991
146127217
147063703
147681664
149445434
150002866
151071290
151157884
152237442
152302470
152544529
152870133
153413210
153531127
153845295
154020694
155415880
155764816
156297210
156544225
157403113
157538815
158000840
158209894
158734338
159174091
160866511
160899968
162899896
163147981
163178242
165447120
165668747
167075808
167662054
170126607
170304468
170500540
170540323
171090350
171881954
172986860
173910884
179474526
182856684
183417166
183774681
185036674
185093136
185302326
186899920
186991695
187756323
188887660
189374085
189614552
192274224
192492649
192628502
192695233
194077491
194718127
194779778
196493983
196597632
196618416
198417288
200567809
201112460
206661796
206808237
206919975
207037855
209055719
209822900
210295826
211516335
211571112
212862479
212919796
213090838
213407352
213603932
215118636
215255007
217502580
217747061
219312872
219313098
219512024
220345392
221085856
221758000
222208033
223701959
224207631
224228054
224228057
224345512
224407201
225257481
225305271
225851958
225851964
228238387
229676285
230502166
230502170
231856823
232369392
233105609
234487924
236599683
238856643
239756521
240387232
241140599
241774182
241856361
241991751
565768
958989
3239796
4807232
6092204
6555722
6584768
6955065
7245062
7603350
8289420
8492968
10521544
11447470
12149659
12149661
12191473
12908952
13481406
13502382
13648933
13709255
15073089
15143563
15352130
15755124
15936571
16177257
16323478
20457908
21664111
21941004
22212382
22317053
22422547
22713535
22913910
24809201
24820235
25245706
25505059
26553669
26558838
27675821
28067686
28555919
28900821
29070204
29287371
30016413
30050834
30681160
31373483
33563207
34308387
35530578
36307094
41756985
41817066
43532211
43591784
44302809
44654898
44710886
45755613
45866287
46473770
46833608
47794571
48221338
48911012
49086733
49515405
49849991
49871774
50840919
54022251
54103740
55641708
56846208
58362325
60425483
62864208
66243528
67886928
68331924
69510655
70094418
70286430
70286444
71055623
71227732
71696509
72353466
72622385
72758567
72943379
74806084
75180965
75247674
75689982
75689986
75729879
75756331
75790918
75948004
76387002
77248549
77282148
77384299
77783911
78104453
78368268
78635861
80002010
80231777
80308918
80381271
82693733
82723928
82758171
83699723
83868473
83923599
84744594
84846819
84934523
85190364
85757868
85806692
86653435
88605986
88747096
89299791
89326702
89351278
89351381
89432408
89708789
90205117
90308309
90456708
90536377
90550509
90560297
90600051
90692793
90797394
90800352
90803907
90803919
90908113
91027470
91060815
91085170
91191577
93392330
93715103
93838238
94472736
94786530
94958679
96318366
96325906
97524552
98261657
98709652
98966032
99061731
99061739
99778616
101058758
101184545
101697762
103620717
104392925
105107262
107057759
109505448
109642384
109654763
109666128
109725953
112295503
112572559
113115185
113384541
113496690
113687229
114695322
115346124
115346136
115589848
116589048
116966309
117773760
117812079
118978337
120316960
122355608
123459934
123460194
123617399
123964124
124980665
126596662
127057293
128418083
129097472
129577748
130075517
130460668
131121708
131807732
131986604
132103438
132384787
133049907
133565852
133674182
135945786
137260236
137516287
138298219
142078555
143733508
144791429
145286714
145508767
145918788
145960017
146745699
147113494
147148394
147437712
148186434
148261536
149151206
150473288
150679424
151889842
152265385
153922105
154185228
154197984
154471717
155273321
155351826
155769318
157024470
157125830
158150988
158955677
160233818
161045914
161494096
161856753
162009865
162195064
162355238
163552468
163591108
163703836
163854928
164116150
165755062
165988864
166855701
167116425
170097079
171003560
171969633
173454986
173988924
174111377
175238987
175588828
176572619
177900158
178502477
179137759
179290417
179773359
180091504
180140153
180717114
181242403
182338971
183993961
184902304
185025696
185515528
186493876
187048136
188976477
189110510
189509897
190984053
191811399
192048240
192640876
192820812
193848822
194312543
194888406
195120187
195972764
196553860
196567830
196613456
309704
2032200
6441573
6569705
7028429
7855076
8822966
8990815
9062864
10551849
10962145
11501225
11806498
14401745
14410576
14819136
15927087
16763785
17256557
17413380
19407660
20221048
20703504
21569084
22936742
23243063
23790680
23912701
23922463
24181609
24592334
24973948
25066366
25988907
26197647
26199375
27909100
28127428
28692236
29122306
29151029
29621150
29651180
30067788
30356177
31308716
32384137
32419866
34222132
34383307
35379214
37607726
38248495
39820577
41206141
43162034
43820883
43872990
44159936
44669870
46219800
47161285
47217969
50092918
51616987
51924532
52126975
54208111
54824003
54946506
55844526
55899742
57788513
58203327
58231964
58377632
59966253
60508975
60585236
60603265
60980055
62059287
63564510
63656567
63969795
64010355
64048770
64507826
64964730
66478822
66592357
66860515
66954347
69635268
69799129
70417340
70946960
74611197
74949835
76103829
76420867
77577806
77956903
81926985
84619044
86547562
88235756
88482795
91722916
93087184
94913438
95771832
96944697
97269770
98139289
98575303
99168100
99364788
100248253
100511076
100551457
100551460
101384084
102804794
103709836
105072309
105174641
106461658
107088037
107481336
108310783
111010701
112141974
112884674
113247172
113258192
113423032
113479061
116076306
116467243
116525621
117129787
117370375
118023238
120392173
120498388
120908194
121234280
123164978
123248072
123489515
124035304
124890437
126002522
126783735
127063276
127770710
128148106
128720871
129696773
130133732
130195901
130236635
130272183
130582964
130816842
130955075
130980152
131099694
131325125
131663827
131775224
132082356
132096413
132096488
132171529
132798974
133104978
133351650
133392155
133716725
134085072
134481734
135271582
135792501
135863876
136960710
137219781
137259830
137462321
140192563
140497148
141069697
142735141
145444721
145535121
146723827
146822499
147466250
149881151
150305109
150537099
151336534
154258253
154373425
154811663
157211558
158828375
159656787
159932210
160532159
160896156
161029041
161396488
162570566
163912783
164340916
164559063
164734121
165065194
165280025
165624909
166320879
167393984
167648532
169842293
173567098
174050735
174263374
174748089
174974660
175013718
175099504
175226667
175358021
175701327
176682417
178077362
178427094
178800153
179020770
179175669
179516682
179785276
179872183
180625473
180797442
181043694
181090327
181321807
182325894
182940455
183527596
184233366
185028509
185028524
187432670
188143592
188646431
189110686
189353234
189445066
189445068
189700146
406195
1242518
1412497
2185918
2464393
2715291
3092883
3152663
3188558
3436991
3460187
3496616
3508345
4011021
4385349
4419688
4477131
4731636
4915964
4986536
5000917
5362878
5400733
5738445
5838863
6947259
7773708
8840890
9730107
9731149
10098641
10858703
10913309
11885995
12510021
13883696
14885895
15036299
16848155
17935365
18207465
18930875
19902204
20398758
20731981
20793265
21130586
21200853
21579318
21947784
22305558
23234435
23507130
23718685
23721299
24188307
24232219
24329902
24585796
24616551
24743742
24913746
25195006
25259596
25352659
25965744
26438479
26559360
26803404
26829058
26890405
26962833
27167279
27264035
27533164
27704225
27805444
27897760
28281293
28292270
28395441
28607870
29112965
29155183
29392454
30181353
30295383
30561788
31587870
32095882
32095885
32284426
32519324
33111407
34349469
35396466
35538027
36033048
36453217
36474471
37937703
37983930
40549923
40774549
41435033
43086529
43086532
43866653
44055681
44249204
44416111
45916885
45984976
46178170
46211701
46847484
47060439
49633252
49633270
54954818
55511037
55607661
56785838
57784936
57792678
60205459
60340279
61511676
62780188
63191904
63192033
63452989
64592875
64595764
65791408
66847950
67198561
76439170
76590557
77321308
77928669
78841159
80919194
81419983
81957616
83638260
84781152
85955823
86065513
88574919
88756788
88839758
90998928
91481584
91707888
91811006
92000786
92080142
92167836
92356332
93985792
94189549
94239188
95013161
95708030
96724338
99414869
99874320
100432617
101507468
104603235
106392078
110412567
110806864
110862988
110886380
111047468
111057536
112100283
113736841
114019238
114612190
115766609
117235316
118033697
119690349
120509308
121046116
122207600
123187203
123312705
123591602
125440361
125588821
126149133
127417990
127685373
128973626
129982276
129985973
130972529
131832615
135768264
135928699
136817184
136882183
138291419
139153993
139991190
140722687
140930393
142894631
143947384
145015089
146311047
146899227
147339478
147505872
147508461
148609581
148794878
149232840
152091127
152174664
152345701
152565567
152916328
153047060
153072766
153381934
156100297
156216415
156249363
156518982
156577332
157853460
158395572
160816234
161732354
162797808
163305285
165611181
166200595
166462561
166610356
167867161
168974380
169281874
169780295
170552687
170698344
171073851
172858912
174019841
174019861
174049196
174067696
174103052
174137188
174380345
174712356
176072303
176073534
176340117
176340128
176617201
176743957
177282143
178758414
178782793
179054453
179058259
179238724
180160425
180165144
180954946
967919
1888135
3181043
3298154
4217923
4805411
5354696
6168204
8485820
9565906
9972072
10158668
10280351
10619529
10998776
11937711
15101603
15866424
17185590
17608714
19201022
19238269
22081803
22877017
23379674
23412707
24174738
25812542
26598070
29454070
30018490
30346310
30616368
32394117
32900620
33433398
33540377
34511879
34938967
37098705
39034362
40762441
41786453
43627427
44588102
45262872
46267531
47153916
47882965
47916835
48415621
48598583
49152876
49381738
50661712
51519783
51637681
52358438
52741563
54715909
54773688
54811376
56327764
56940213
57407996
57408025
57694372
57842177
57867010
58080508
58793513
60231704
60312299
60680555
60915288
62529600
63480932
63480942
64015418
64755507
64958513
65232687
65232731
66122064
66191749
66581315
66676087
67749355
67769272
67966997
68254867
68275913
69515585
72270188
72310402
72720729
72909384
73764672
74074699
74152975
74323268
74380808
74414599
76632220
77380973
77478379
79734951
80877125
81434738
82470596
82621425
83778329
84208019
84937438
85087009
86482489
86525426
86916967
87156511
87157372
87429232
88983582
90322874
90660304
90750416
90808368
90844209
91589973
91671465
92269686
92867219
94402448
94880792
96088575
97385705
97659915
98534427
99637036
99961299
100409195
101029228
101367344
102194595
102508832
102553391
102938149
103484104
103634507
103670444
103805465
104322535
104358814
104931265
105384489
105526657
106075109
110109733
110922679
111821807
111821816
115585360
116473057
117982618
118228523
118370018
119283230
120723174
121038683
123519488
123729256
123760706
125952022
126254875
128501391
128530261
128578908
129533359
132305426
133208387
133363537
133467597
134344109
135249142
136411095
138703673
140517109
140700051
140730401
140730403
141626430
141972387
142293824
142680066
142956551
145313737
146108992
147201349
149254316
150781614
151656856
151795692
151865638
151893146
151927971
152273169
153037171
153582925
153612201
154144765
155014923
155157901
155398738
159200710
159251768
159343810
159568376
160657671
161136716
161795695
162897307
163179945
164675674
164735130
165154669
165274248
165364599
165931835
169990569
3237873
3801504
4206367
4883103
4926597
6747340
7511890
7780713
8352665
8674198
9322188
9472392
9718239
10106575
10270390
10376886
10512998
10908478
11924345
14393771
15027640
15279469
16609271
17194180
17235798
19111870
19148683
19594295
21221952
24696259
25355463
25735238
26668054
29582503
31266654
32252449
35213741
36097233
36129545
37460956
37544993
37742712
37774752
39395945
40320111
40470384
41013755
41059984
41526351
41560327
41997436
42129538
45329489
46440218
46951561
48869476
49303699
49759353
49865368
51632995
51919646
52700388
53056827
53697726
54648171
55508262
56324928
57674615
58046350
58081369
59881383
60735672
60735680
61524940
61524952
62250318
62250342
62268026
62347006
62411526
62431309
62584023
62692585
62844601
62910864
63091498
63218727
64195798
64283417
64460982
64594531
65187982
65187990
67448056
67853521
68210386
68403069
68759620
69181544
70557452
71141372
71412372
71421269
71563977
71958165
71997923
73107666
74064414
74590856
74688519
74878572
76745872
76958471
76999853
78005398
78692892
78697128
80412156
81542416
81566192
82016378
82117139
82395198
83396111
84982213
85364341
86555605
87238680
87244402
87256835
89118073
89477772
90654241
91528846
92413134
92484943
93661591
95920462
97421215
98497792
98618807
98708449
99911095
100569567
101872014
102379829
104602859
106029543
106114314
106415153
106979633
107380145
108788762
109557865
109828680
111503770
113752910
114391527
114418578
114695555
114757607
114757610
115635262
115980769
116769621
117506532
118794900
119615684
120683949
121145073
122011971
123357219
123890971
125340289
125644001
126021924
126072258
126142191
126278696
127614075
128415910
128475149
128794858
129057976
129363070
129919237
130766163
130766166
130849154
132416803
133203314
133601671
135651125
136101077
136163324
136373445
136444606
136606583
136608334
137003923
138265790
138265793
138978480
139224473
141150069
142156108
142525716
143162744
143740121
143944297
144295737
145599457
146301421
146536095
146982523
147493001
148364546
150041081
151304338
151756446
152145019
152570418
152582454
152777949
153063509
153278305
153534323
153567972
153718090
153877130
154428900
154806893
155065235
155173586
156005987
156172341
156838813
157517417
158138021
159311114
159333805
726190
794871
918594
1222381
1422425
1831836
2210047
2520001
2584543
2793325
4026011
4800438
5158110
5385484
5445814
5725413
6152799
6952044
7136775
7410907
8274733
8504810
10541317
11906913
11981958
12646529
12834094
13589180
13599489
13705310
13732148
13753688
13915321
14221743
14519024
14910042
15114996
15206169
16382847
17956423
18756883
19481448
19892959
20445059
23188128
23206159
23659443
23764980
23825389
24818155
26373007
26515378
27019227
27343458
28243190
29031873
32314069
34747084
36917561
36918390
37077286
37538278
38917031
39049441
40543517
40994247
42577680
43168011
43454568
46200932
46404548
46444764
46564983
46606636
46746124
47749621
48857272
48907408
50965791
51117766
51506324
53197553
53453576
53871699
54242822
54356907
55206967
55242678
55442054
55529678
56427163
56515327
57146572
57481309
57597384
57597400
57870437
59679084
59828125
61766604
62049510
62062688
62907617
63240656
63300054
68673851
69057344
69204356
71811568
72317542
72571983
72597236
73404704
75111901
75133335
75192353
75259580
75276550
75467661
75850218
76165035
77370811
77424219
77555281
78765420
79457200
80122659
80298644
81542950
81640072
82460600
83269947
84502167
84536220
87746877
87779264
87877407
87901220
87945480
87945483
87957562
87962616
87964728
88126612
88147626
88162831
88614547
88614553
88725425
88873784
89152400
94850950
95648201
95768699
97360752
97816321
101752247
102188414
102427097
103192280
103529950
103530587
103719880
103884359
104840784
107227554
108175475
109035718
109708199
111362529
112229889
113522284
113760242
113760244
113778131
113786342
113911102
114211218
114484528
115174894
115491437
115677842
116528602
116645671
116972427
117215265
118152704
119237539
122071920
123004777
123465604
124745391
125733123
125768085
125925383
126087989
126631624
127470737
128653054
129735637
130708362
131205319
131365189
131397154
131718256
132085894
132197013
134774868
135002124
135056550
135095376
135223186
135258749
135316776
135826817
137351591
137455884
138852982
139568995
140562346
140696349
141130690
142539420
142607827
142842878
142955526
143777961
144044396
57136
739887
1107105
2719280
3566328
3754161
5989540
6571173
8760598
9014198
9014202
9303198
10548971
10806770
11023081
11802244
12245616
12255179
12457654
13125452
13613501
14470589
17095266
18883423
19886801
20509871
22118295
22688146
22745078
24220296
25121529
25905483
26127815
26215765
28231141
28819714
29941923
31378995
31526270
31953668
32328924
32363936
32787033
33588051
34137171
34751670
36537463
37637964
37884841
38610857
38739031
39360599
39560884
39590328
39892844
40868734
40987727
41344475
41571754
42334518
42359900
42737700
44670011
44879896
45457659
60553110
61221324
61817652
61940742
62439597
62568814
63715674
63891494
63903442
64494852
64518296
64959798
65544097
65648298
66113916
66187244
66949638
67401109
68356702
69391312
69453537
70756697
70987279
71250278
71677725
71994386
72592448
72639605
73436362
73601375
73712876
73713519
73886542
73898777
73993456
74431296
74903954
75433706
77647555
77781731
79571520
79838486
79894149
80426969
80560758
83170206
84103207
84534206
84676080
85841055
85841058
86752397
87492829
87723435
88167878
88783700
89707546
90397391
95206848
95565572
95916684
98420221
99535507
100628865
102407801
102415805
102462995
103636734
104195519
104215462
104420859
104596167
105275804
106611294
107161532
107631169
111111724
111746787
112647403
115305523
115516355
115596748
116116179
116988340
117003951
117022852
117824086
118362058
118435187
118534095
119164715
119598262
119869563
120094552
120271416
120904298
120904299
121848045
122443868
122709047
122728831
123097782
125688328
125722905
126097094
128727367
129396915
129819942
129999598
130280184
132484852
135302993
136166456
137152894
137927101
52302
1146628
1808047
2031006
2066866
2123410
2780886
2999501
5175920
6722120
8470865
8515752
9575457
10101255
10375456
10447941
10449402
11939400
12660835
13909618
13954799
14500375
15958968
16156468
16231406
16427294
16968323
17184825
17554441
19379973
19976277
20380452
21371421
23211478
23301936
25653204
27827692
28274101
28753621
28830769
29258622
31375114
31728510
32196026
32259653
33953575
33976336
34429389
34679321
35078295
35100676
35404126
35589633
35623810
35810699
36237463
36398443
36400660
36719708
36762427
36851065
36939182
37213171
37415208
37444791
37562348
38710749
38934825
38944766
38958901
38968777
39380070
40701213
40863382
40889017
41575463
41575465
42236840
42248118
42985627
43107568
43256674
43920907
45615968
45753366
45873265
45911326
46686257
47064901
47682212
48034557
48200359
49002608
49184473
49772622
49978943
51697111
52027976
52037160
52191329
52890196
54198748
54691443
54726435
55480877
56699620
56732968
59129302
60013875
60292362
60395628
61226661
61519954
61547155
62675950
63698108
65494347
66222599
68096809
72703693
73343209
73426663
78748543
78874351
79132693
79408473
81969927
82020462
82908740
86146033
86155810
86882662
86924465
86977836
89936562
90525608
91851074
92786851
92822748
93152582
96788634
97052100
97210038
103554253
104316186
104523081
104552216
104686800
104787948
104834698
105821919
106090295
106360262
106561478
108229703
108732174
109687349
110441754
111788922
111846933
111977492
112414214
114225856
114449786
115165295
116131268
116371085
117045609
117688039
118919037
119202107
119224431
120273193
120369929
121146345
121521647
122061014
123086105
124247932
124347964
125270284
125904450
125930363
126614050
128953083
130709203
130712587
130902274
131143421
131204452
133218597
651873
2767341
3497052
3527232
4328756
5140923
5252071
7847088
8587116
9359698
12984636
13290559
13290564
14178045
14382463
14999883
15190978
15262812
15667292
15686012
17325820
17841532
18298229
18843225
20327184
21243842
21243844
21399353
21523756
22201249
22664877
23405156
24307761
25565656
25648917
25754911
26118836
26118962
26312045
26509557
28241563
28505693
29196798
29673898
30061678
30273675
32200075
32280228
33285780
33364001
33430665
33441116
33646910
33777758
35083875
35102127
35186169
35563399
36260554
36983936
37742929
38216662
38278882
38570139
39312046
39628590
40491314
40730965
41178291
41939958
42045185
42149967
42667009
43004642
44173758
44539160
45603306
46211225
47235875
48018328
48239716
48993410
49102624
49354447
49601648
49621216
50791875
51627014
52795633
54347419
54347425
54372492
54387269
54387277
54398239
54539724
55012709
55149679
55642650
56482592
56551302
57093920
57595089
58830132
59511816
60138825
60623658
61190372
62414571
63312433
64237052
66094186
67538970
67554462
67554472
67862696
69459176
70131286
70261408
70698681
72913833
77297537
77572837
77646731
79372107
81067848
81656622
82100090
82382751
82447162
82509952
82557476
84103690
85158638
85549543
86208997
87048002
87048048
87080089
88445286
91081038
93090681
94754072
95083454
97336341
97489359
98159508
98260351
98275687
98687890
99550787
99782383
100509409
101769566
103553628
104146684
104536341
104852586
106146921
106262106
106502586
106780138
107110278
107815907
109548951
110341355
110565748
110955760
112806782
113691892
115052480
115374637
115485759
115573531
116053815
116339973
119350053
119657614
120968953
122655843
122789746
123458688
123620013
123795540
124540445
124632652
125408842
125928408
126475940
126662117
127111542
129725510
129841584
131142861
132787683
132842258
132867737
133629316
133779333
134015567
134853202
2467506
3142671
3204704
5106208
6298484
7156912
7332112
7906009
8787298
9895945
9967981
11149835
12278627
12580913
15567516
15743957
17365467
17459113
19256384
20112785
20281057
20818503
21192747
21881733
22189389
22310640
22827544
23046020
23073419
23090739
24790879
25064008
26874431
27065818
29330056
29387789
30057994
31009572
31872227
32232448
32232461
32513328
32986339
33508104
34306827
34364336
34686705
35210343
36142221
36553241
36652729
37089598
37167377
37642132
37859416
37865686
37989553
38159572
38348936
38371171
38933638
40016018
40273551
40834183
41133555
41189109
41587898
41656792
41926516
42272760
42305322
42815614
42996918
43302243
43561204
43960909
45061373
46330708
46743524
47482485
49204477
49265376
50465788
50497461
50914355
51410437
53008906
53571635
54674368
54844922
55116987
55667946
55792796
59215661
59945674
60503748
60638128
60823225
61095853
61396814
62035887
62926326
63135329
64703342
65466007
66215794
66557046
71191371
71908158
73252802
74146614
74259346
74723462
75710130
75916328
75964293
75984772
77512022
77675395
77693010
80490845
80692512
82188312
83335951
83934637
84008768
84192035
84452705
84685532
84836736
85293973
85469662
85603715
86281653
86781319
91289741
92456767
92516170
94805918
95297409
95994268
96742824
98301415
98400831
100259070
102294012
104020087
104465863
104509010
105826410
105826417
107121934
107332407
108281237
108379426
109435337
109822314
110571778
111851924
112107393
113655404
114980573
115251028
119549249
119549960
119840958
120071980
120268443
120435467
120659211
121042109
121592476
122657822
123017369
123259783
123380071
124758101
126121550
126366827
126783716
127089068
127089070
127138315
127347525
127885395
128160323
128549417
128726661
129904997
130044493
130145165
131025134
131639752
132182057
132333972
132663488
133147782
133155076
18203422
18908241
19141797
19438246
20200693
22473206
22592381
23188562
23240826
23544787
23672006
25161567
25778542
26175203
26303309
27121689
27904204
30189654
30512884
30585665
31239684
31700914
32646524
33181269
34612115
35467478
35887087
36090278
37089007
37332005
37375850
37643158
37653990
38423123
38658084
39391903
39609581
40038516
40702930
41031082
41080743
44240972
45008729
45573974
47238044
47854250
52011775
53682717
54192003
54905890
54963935
54963940
55000084
55101503
55724549
55803177
56461201
56812092
56887716
57387640
57582392
57733030
57754347
57838382
57973322
58146356
58491485
58950551
59022453
59083053
60218305
60351303
60834254
61248710
61462315
63171615
63818585
63859933
63940700
64311885
64679382
64759358
64820798
64823922
64846893
65357421
66045363
66311338
66648433
67167331
67253649
67309644
69526967
70966949
71605899
73999445
74205792
74501194
75080299
75178887
77433887
77593297
78355724
78913135
79261662
79479392
82543003
82798146
83128037
83340368
83804040
83955899
84096706
84275243
85182173
85345953
85926922
86466854
86703301
86874399
88761374
89842396
90013777
90234105
91107335
93315877
93400556
94166055
94281013
94791153
94952118
97601724
97868786
98125626
98355533
98497430
99101420
99208039
100234913
101224516
101767839
102423142
102432573
103647901
103897451
104064431
104725028
105313117
107310717
107387247
107963090
108797997
109016659
109093314
109848994
110011252
110921979
111049199
111155007
111622083
111972379
111979418
112369469
112678647
113424235
113917363
114318312
18283817
19419933
19671774
19687661
20216770
20504556
20551714
21207020
22925165
25124365
25462126
26638758
27188340
27654457
28047846
28325921
28901922
29321109
29520392
29524588
29835632
31292953
32936930
33250104
36190193
36429207
36641845
37144920
37227655
39595683
39688156
40318555
40411637
41142545
41228075
41372899
41509179
41858513
41937751
42058438
42312065
42664997
42778032
42837143
43368308
44905199
45512064
46326145
46429347
47085961
47389614
47737917
48586934
48793015
48805355
49055092
50104692
50354040
50725329
51030473
55850842
56655386
59713267
59771001
61138023
62643034
62874711
62948156
62969213
63230692
63348114
64271962
64720313
65112050
65146297
68339245
71903616
72140121
72392347
72415505
78311653
79374839
80056018
81308195
83882582
83971179
84034761
84246477
84458358
84463158
84511377
84575031
84891393
85024286
85155498
87085095
87347282
87476529
87757298
87823474
89882045
90358848
91173267
91225642
92903151
93505730
93721037
94018163
94920359
95949163
97369356
99192757
102121020
103420316
104900768
105451263
105592435
106357353
106381534
106460566
17013090
18360522
18772716
19915969
20095677
22458123
22590558
23964753
24098859
24348451
24640450
24732362
24741384
24756542
24947389
25190596
25238713
25705178
26000575
26051836
26074271
26360970
26413972
26558838
26641512
26949219
27043705
27837558
27990254
28484609
28794152
29835563
30318795
30617597
32840622
34460335
34744461
36938627
37053682
37058088
37084931
37225339
37236952
37352952
37481166
37786169
37841275
40316460
40336637
44860830
48243085
48490213
49235695
49262546
50719722
50976647
51689388
52704458
53662131
54842713
55165626
55491450
55733149
55911533
57092079
57716409
58283462
58930611
59727400
60142205
60168447
62265825
69512846
70485546
70715964
71145992
73217165
74186935
76144117
76762176
76765945
78871546
79005906
81365683
81397275
82694259
83243409
83652367
83865665
83945333
84618426
84694814
86358952
86362090
86528166
87406236
87758879
87859404
88378984
88691747
89520199
89970753
89977003
90842899
92324816
93435638
93534259
93858536
94271363
94441973
94512228
94512245
94602070
94833575
95040589
95573627
95939569
95939571
95946771
96684672
96759999
97697609
98453937
100418391
100418395
101376055
101818542
817791
913616
932318
1158401
1864160
1944946
3241982
4446242
7324388
7367833
8626142
9246685
11077244
11142359
12013859
12718970
13977222
14116440
14769067
17087411
17105918
17197032
18553695
18720780
18723016
18813068
19281832
19929442
20138996
20623524
20711806
21023786
21566737
22632437
23440085
24354875
24360785
24467115
24977267
25728667
26588280
26626689
26954711
27902575
28901611
30106554
30324454
31054753
31160028
32449966
32519144
32545656
34645925
34694321
34736215
34815028
35538852
35561923
35694411
36004452
36119021
36192347
37737957
37945618
46834823
47928772
49349079
50045084
50935123
52673317
53412838
53991770
54105805
54265121
54318598
54450218
57472388
57681373
57853147
58061551
59589241
59626069
60293798
60377237
60721320
60767864
61716235
62051751
62179132
62319533
63073554
63113981
63570479
63686125
63952225
64004937
64653277
65121309
65142906
65365158
65923539
66662108
67134281
68171499
68525244
68701479
70018355
70169755
70931088
71774972
73481599
74142874
75424416
75488475
75566916
78585675
78988352
79042376
80441820
82100331
82182982
83608995
85752067
86370650
86678839
86678843
87695622
88879159
89020809
89028489
89060271
89090630
89185953
89186418
89448337
509665
3140277
3461918
3884398
3988761
4252887
5810893
6077513
6419352
6852653
7220683
7639252
8306525
9054976
9257443
10017323
11855825
12245954
13173468
13458373
13897392
14716498
14972242
15158957
15310720
15749009
15803812
18298229
21543365
22138634
22290573
22605714
22848955
25553941
26632359
26638376
26638387
26699161
26945885
26945907
26948038
27063617
27485464
27718099
27938567
31086156
31266438
32907475
33822600
33865772
34154405
34755135
35424288
36019345
36293596
37739073
39263874
39908660
41655777
43645704
43807316
44443199
44970163
45279112
45479517
45486227
46099333
46331429
49449225
51517543
53186414
54499436
54651319
54872870
56386125
58035019
58403353
58620882
61628506
62532231
64827511
64901722
65159124
65885490
67133238
67402612
68127295
68946346
68976631
68998832
69671983
71152241
72111830
74259245
75057572
75932878
76801771
78351882
81521363
81630866
66444
66604
335492
890922
5658776
5831963
6232026
6323553
7132789
8104613
8150693
8483935
8581336
9419703
9425291
11742562
12197312
12581860
13970452
14553256
14693075
14830263
15378740
15624267
15717625
16258852
16618268
18132598
18244415
18325351
18449971
18830513
19551486
21176813
21967692
23107874
23181369
23485796
24174354
24839803
25083306
25601821
25933693
26822691
26822696
27636072
27711193
29267237
29406679
29557391
31293196
31722159
32588754
34545967
35150262
36052325
37607671
37632171
37924928
38739198
38857646
39303834
39332254
39565920
39713647
39855315
40191248
40707152
40707336
40861808
41053423
42466691
42747791
43368288
44226998
44314522
46083994
48376347
48506520
49310632
50725794
52244481
53030209
53136088
55362769
55478563
55665194
55667063
56016671
56203768
56215698
56275947
57038319
58905403
59121203
59148268
59569635
60014262
60363154
60425096
60611022
61027917
62724754
63824566
63899701
64114131
65028407
65105546
65587318
66644678
67300425
67592010
67811694
68119231
68170294
69506756
69708529
70548997
71266699
71864886
72144195
72406050
72634240
73154317
73332260
76045969
76087339
76143367
76288701
76600371
76699540
76916950
78204664
78211152
78698344
79257155
79289186
80166812
536041
941160
2871038
4467985
5103441
5517640
8791382
9836887
10041007
10406568
11274999
12368871
13419851
13754747
14698468
14968438
15887827
16327206
16441629
17725833
17728369
18621416
20069922
20570862
22148060
22570175
22626223
22716057
22716060
22844047
24210056
24316300
24891442
29440119
29888680
30100226
30592691
31402296
31543224
32070566
32513125
32516592
33091380
33091392
33547614
33839071
34123690
36500729
36950474
37405147
37765678
38191398
38561019
40438938
40550083
40696664
40828722
40940979
41270253
41503741
41923057
42951933
42965874
46129307
47335065
49982982
50209230
50385149
50766612
52676821
52695320
53298730
53563546
54517210
54746573
55303469
55950946
56230619
56933847
2208964
3089389
4488614
6170157
7552285
8100923
8364293
8442476
8459663
9706124
9715693
10328258
12716737
12796237
16442725
16746612
17975271
19354365
19829759
22031269
22060045
22295027
24553251
24880087
24892108
24967816
26381562
26613823
27712891
27744996
28292802
28416175
28626257
28770230
29064655
29337361
29400051
29612200
29849048
29998286
30019940
30023673
30023686
30185813
30185815
30211948
30285450
30324323
30396296
30858021
30869965
31795838
33216366
34402190
35566507
35809717
36451597
36773783
40800259
40967844
41753194
41799763
41812551
41822048
42015086
42466305
43165304
46388592
47188181
47956778
48264699
48264702
52062326
52701745
53047657
54365781
54471037
54723593
54759013
56114325
56149236
56947294
57733425
58732888
60121724
60584896
61397098
61696464
61855643
61971107
63120582
63576696
63827525
5227467
7318713
7318717
8577326
8768326
9093163
9093254
9093260
9871479
9878755
9909282
9925296
10395372
10515532
10520580
10559872
10678885
10738156
12996060
12996075
13154629
13196606
13378860
13435621
13579870
13807788
14555926
14959611
15983001
16818193
17021341
17915272
18186397
18977040
19155440
21893014
21963749
22276226
22469700
23392383
23664540
23857065
24040652
24307115
24379020
24830022
26311871
27092105
27438111
28387473
29919280
30199108
30329134
30719406
31032505
31064478
32926098
33371944
36848271
37714413
38195368
38355179
39327521
39777376
40340956
45414111
45634566
10694601
10710014
10746096
11068396
11614808
11856123
12095592
12189485
12194235
12216841
12341423
12520131
12617744
12721320
12781926
15583712
15708724
15826015
15841180
16641102
16834954
16904229
16937283
19012860
20357416
20687725
22261214
22658812
27911103
28408242
28752429
29241491
30692457
33649646
34570011
35683628
36235742
36726191
38234313
38264799
40283810
42128980
42722777
43463806
43704506
44666929
44860456
45591505
45951560
47124965
47486263
47948919
48104346
49169504
49415511
4473883
4757242
5444445
5529248
5676797
5786812
5818058
6148026
6561675
7431369
7463743
7639773
7682795
8432320
8535103
9403271
9647207
9897569
10726389
12743092
13139398
14444273
15580303
15975203
15993983
17178595
17221341
18166564
18927247
19177969
19290672
19353026
20596347
21659186
21962507
22005999
22046733
22408166
23471030
24258780
25107785
25120529
25239540
25621013
26049917
26105848
26132747
26136483
26684600
26989393
27202176
27423036
27490501
27829525
28075963
28542511
29222318
29716282
29850536
29934159
30087473
30846713
31071771
31485341
31527694
32162738
34245695
34279867
34490452
34588794
34595348
34661499
35163716
36090288
36508178
36544408
36548850
37854036
38372634
38529392
39631569
39734119
39808330
39819489
39915309
40402322
41948628
42077887
42618959
42621806
43041823
43265094
43670936
44468797
47260041
47657211
47953741
47987306
48145908
48295563
48437290
49686517
50216199
50445121
50499641
51396262
51496748
51642152
51863230
51983573
53236284
53739073
53982630
54653671
54827302
55360617
55937693
55947497
56119549
57031578
57779553
57926291
58277088
61349189
62971451
63330095
63901771
63901774
64271326
64618593
64890990
65414945
65479899
65646683
66058195
66743978
67413981
67435427
68008755
68008759
69063390
69096978
69451213
69631625
70787989
72129920
72391295
73115341
73126522
73298372
73716212
73952643
74505831
74899319
74905639
75034720
75118983
75235691
75441749
75653468
76630402
77008386
77039368
77487687
78825850
78869682
79826914
79826916
79988351
80132634
80407434
80761901
80920632
81072470
81930756
82315161
83566969
83715888
83842676
84459379
86003730
86544337
86666684
86770168
87104818
87144520
87991952
88122853
88124410
88276736
88460629
90238884
90556870
90574044
90607626
91227668
91508859
91642136
91991867
92103526
92381136
92490070
92627071
92919709
93290499
93717327
94502473
94580915
95806494
96994440
99337986
99488848
99529196
99617142
100622915
102730836
103075314
103386241
103938333
103991699
104440151
104501406
105279769
107053208
107053223
107964582
108637089
109179359
111560591
111723955
112381002
112394432
112446853
112738084
113109038
113294174
114021813
114048551
115255384
116434763
117312168
117457619
117729353
118247038
118247046
119100221
119871778
122711226
123161270
123855176
123911539
124078089
124829509
125105371
125181393
126296040
126453325
127000035
127171182
127490058
127555613
128723924
129487856
130083921
130294669
130406673
131470872
131593218
132400784
134362388
134504906
135526788
137219658
137257332
137405670
138293052
138585527
138847085
138994429
139453355
139720963
140078498
140510736
140548392
140806777
140825821
140998290
141757770
142682894
142822857
142995616
143065670
143301300
143451332
144009720
144266365
144683612
144771353
144843271
145108411
145357228
145764457
145805349
146876585
147370207
148636809
148999470
149580796
149629602
150886938
152327025
152387405
153932307
154839973
204
920
83969
84770
148479
61672
146916
129901
129908
159916
160630
131980
20843
167067
962
8044
108908
21053
29060
36214
106520
962
26156
36780
39801
50947
2638
35705
43740
18358
5215
8865
61175
61179
98666
118063
118071
181875
181887
170908
3949
108617
162127
35320
35328
88126
84770
58056
153782
10778
162812
154492
