861757
1039218
1582220
2621572
2644764
4004085
4203863
4488937
4857165
6610139
7654509
8679400
8980074
9212231
9397260
12771318
13115963
14349707
14646156
16268314
17758985
18548727
18787352
18828154
21642875
24711272
27376161
28014609
28941396
33038215
33480779
33794560
34221936
36012974
36822154
36998979
38124442
38455563
38758188
38988989
40033321
40700609
41710394
42805522
42968159
43567212
44363889
46817812
48089558
49075832
49088289
49555686
49852226
51087149
52155473
57938493
58312289
61578512
64353381
64685554
67945574
70821584
70843883
71441425
74282148
75229913
79101586
80019954
80108652
81390289
84297203
86166651
86166653
86277983
87790410
88543702
88848994
89050669
93773200
96465775
97918311
98619395
100125374
100659794
100758168
102757501
103264398
104936464
105111784
106453913
114610699
115188253
115210819
117134104
119971833
120199378
124979459
124996505
144965009
145009316
145438358
146822809
148354909
150883776
151002190
152755660
152843799
154566506
155466076
156197613
157846776
158716444
159041146
159232158
160139537
160813423
162479087
163153200
164522093
166424970
171027073
171790228
174134046
176711078
179703792
180137953
180854048
182362829
186485505
186999026
187397042
188002835
188190942
188973844
189149883
192688661
192719883
192749385
192785310
193461706
194351016
196094501
196815774
198989751
201968228
204507777
205592856
209623019
215975978
216253743
216482850
217931998
220041016
221575965
222000866
222421640
225839366
226779278
226954685
229180525
233924907
237066787
237373443
238097938
238676732
239684638
239769880
241012044
241701170
242124149
244672118
245971645
247103309
247546157
248585450
248751477
62044
910681
1358837
1557714
1662383
2163169
2286894
2472911
3077107
5074760
5491464
5747707
11080203
12549255
12597813
14906779
16682849
17391870
18583931
19384809
20019719
21004027
21607963
23403732
25267208
26702407
26868558
28778788
29505258
33133524
33155378
34494147
37513920
39266747
40759899
41117391
41615047
46341857
46833305
49818105
49853915
50280045
50769970
50954611
52683605
52729147
52871938
53122448
53330534
56626881
57249468
57276614
58955789
59947783
61178891
62552856
63086410
65132084
65789247
66103851
67397002
69614427
70018148
71502998
71585862
71655818
75222653
76945326
77257885
77421567
80673476
81630068
84215620
84362962
87195339
87516826
88833520
89842679
92755807
92887760
93305057
93370340
93759997
94680367
95220609
99761394
99933014
100528016
101191751
102814641
104636986
105134335
105372252
107536566
108270261
109090337
110886380
111409257
112907503
114171861
115890098
116669213
117029048
117133055
117250383
118208357
119558668
121109442
122096331
123929470
126771777
127035419
127535174
128145989
128403087
128725662
128935769
129484585
129489022
129621252
130002225
130992496
131377963
133536125
134592426
136867205
136914907
137377866
140115338
141293244
145217217
145419714
146031991
147063703
147681664
149445434
151157884
152544529
152870133
153413210
153531127
153845295
155764816
156297210
156544225
157403113
158000840
158209894
159174091
160866511
160899968
162899896
163147981
165447120
165668747
170126607
170500540
172986860
173910884
183417166
183774681
185036674
185302326
186899920
186991695
188887660
189614552
192274224
192492649
192695233
194077491
194779778
196493983
196618416
198417288
200567809
201112460
206919975
207037855
212862479
212919796
213090838
213407352
215255007
217502580
219312872
219313098
219512024
221085856
221758000
223701959
224207631
224345512
228238387
230502166
230502170
231856823
232369392
233105609
234487924
236599683
238856643
239756521
240387232
241140599
241774182
241991751
565768
3239796
6555722
7603350
8289420
8492968
10521544
12191473
12908952
13481406
13502382
13648933
15073089
15352130
15936571
16177257
16323478
20457908
22212382
22317053
22422547
22713535
24820235
25245706
25505059
28555919
30050834
33563207
36307094
41817066
43532211
43591784
44302809
44654898
44710886
45755613
46473770
48221338
49086733
49849991
49871774
54022251
55641708
56846208
62864208
66243528
67886928
68331924
69510655
70094418
70286430
70286444
71055623
71227732
71696509
74806084
75180965
75948004
76387002
77248549
78368268
78635861
80308918
80381271
82723928
83868473
84744594
85806692
88747096
89326702
89432408
90456708
90536377
90560297
90600051
93392330
93838238
94472736
96325906
98261657
98709652
98966032
99061731
99061739
99778616
101184545
101697762
104392925
107057759
109642384
109666128
112295503
112572559
113384541
113496690
114695322
115589848
116966309
117773760
118978337
120316960
122355608
123459934
123460194
123617399
123964124
124980665
128418083
129097472
129577748
130460668
131121708
131986604
132103438
133049907
137516287
138298219
142078555
143733508
144791429
145508767
145918788
146745699
147113494
147148394
148186434
148261536
151889842
152265385
153922105
154185228
154197984
155351826
157125830
158955677
160233818
161045914
161494096
162009865
163552468
164116150
165755062
167116425
170097079
171969633
173454986
173988924
175238987
175588828
176572619
177900158
179137759
179773359
180091504
181242403
185025696
186493876
187048136
188976477
189509897
190984053
192048240
192640876
192820812
193848822
194312543
194888406
196553860
196567830
196613456
309704
6441573
7855076
8822966
9062864
10551849
11806498
14401745
14410576
14819136
15927087
16763785
17256557
17413380
19407660
21569084
24181609
24973948
25066366
25988907
26197647
26199375
27909100
28127428
28692236
29621150
31308716
32384137
34222132
37607726
38248495
39820577
41206141
43162034
43820883
47217969
51924532
52126975
54946506
55844526
57788513
58231964
60585236
60603265
60980055
62059287
64010355
66478822
66860515
69635268
69799129
70946960
76420867
77577806
81926985
86547562
88235756
88482795
93087184
94913438
95771832
96944697
97269770
98139289
100248253
100511076
101384084
102804794
103709836
105174641
107088037
107481336
108310783
112141974
112884674
113258192
118023238
120392173
120498388
120908194
124890437
127063276
128148106
128720871
130133732
130195901
130582964
130816842
131325125
131663827
132171529
133351650
134085072
134481734
135792501
135863876
137259830
137462321
140192563
140497148
141069697
142735141
145535121
146723827
146822499
147466250
150305109
150537099
151336534
154258253
157211558
158828375
159932210
160532159
160896156
163912783
164559063
165065194
165280025
165624909
167393984
167648532
169842293
174748089
174974660
175358021
175701327
176682417
178427094
179020770
179175669
179516682
179872183
180625473
180797442
181043694
181090327
182325894
182940455
183527596
184233366
187432670
188646431
189110686
406195
1242518
1412497
2185918
2464393
2715291
3092883
3152663
3460187
3496616
3508345
4011021
4419688
4477131
4731636
4986536
5362878
5400733
5738445
5838863
7773708
8840890
9730107
9731149
10858703
12510021
13883696
14885895
18207465
19902204
20398758
21200853
21947784
23234435
23507130
24188307
24329902
24913746
26438479
26559360
26803404
27264035
27805444
28281293
29112965
29392454
30181353
32284426
32519324
36033048
36474471
37937703
43866653
44249204
44416111
46211701
49633252
55511037
56785838
57784936
57792678
60205459
61511676
62780188
63191904
63192033
64592875
64595764
65791408
66847950
67198561
76439170
77321308
80919194
81957616
84781152
85955823
86065513
91707888
91811006
92080142
93985792
94189549
94239188
96724338
101507468
110806864
110886380
111047468
111057536
112100283
113736841
114019238
114612190
117235316
118033697
120509308
122207600
123187203
123312705
125588821
127417990
127685373
128973626
130972529
136817184
136882183
139153993
139991190
140722687
142894631
146311047
147339478
147505872
147508461
148794878
152091127
152174664
152565567
152916328
153381934
156100297
156249363
156518982
156577332
157853460
158395572
161732354
162797808
166610356
167867161
168974380
169281874
170552687
170698344
172858912
174049196
174067696
174103052
174137188
174380345
174712356
176072303
176073534
176340117
176340128
176617201
178758414
178782793
179054453
179058259
179238724
180160425
967919
3181043
3298154
4217923
4805411
6168204
9565906
9972072
10158668
10619529
10998776
15101603
19201022
19238269
22081803
23379674
25812542
26598070
30018490
30346310
32394117
32900620
33433398
33540377
34511879
34938967
37098705
40762441
43627427
44588102
45262872
46267531
47153916
48598583
49152876
49381738
50661712
51637681
52358438
52741563
54715909
54773688
54811376
56327764
57407996
57408025
57694372
57842177
58793513
60312299
60680555
62529600
64958513
66191749
66581315
66676087
72310402
72720729
73764672
74074699
74380808
76632220
77478379
82470596
82621425
84937438
87156511
88983582
90322874
90660304
90750416
90808368
91589973
92867219
94880792
98534427
99637036
99961299
100409195
101029228
102553391
103484104
103805465
104322535
105384489
105526657
110922679
116473057
117982618
118228523
118370018
123760706
125952022
128530261
128578908
129533359
132305426
133363537
136411095
138703673
140517109
140730401
140730403
141626430
141972387
142293824
142956551
146108992
147201349
149254316
151656856
151795692
151865638
151893146
151927971
153582925
155014923
155157901
155398738
159200710
159251768
159343810
159568376
160657671
161136716
161795695
162897307
164735130
165274248
165931835
169990569
3237873
3801504
4206367
4883103
4926597
6747340
9718239
10270390
10376886
14393771
15027640
15279469
16609271
19111870
19594295
21221952
24696259
25735238
29582503
32252449
35213741
36097233
37544993
37774752
40470384
41526351
41560327
41997436
42129538
45329489
46440218
46951561
49865368
51632995
51919646
52700388
55508262
58046350
60735672
60735680
62250318
62250342
62268026
62431309
62584023
62692585
62910864
63091498
63218727
64195798
64283417
67448056
67853521
68403069
68759620
69181544
70557452
71563977
71997923
74590856
74688519
76999853
78005398
78692892
82016378
85364341
87238680
87244402
87256835
89118073
90654241
91528846
98497792
99911095
100569567
102379829
104602859
106114314
109557865
109828680
114418578
114695555
115980769
117506532
118794900
119615684
120683949
122011971
123357219
123890971
125644001
126021924
126278696
127614075
128415910
128794858
129363070
130766163
130766166
132416803
133203314
133601671
136163324
136373445
136444606
136608334
137003923
138978480
139224473
141150069
142156108
142525716
143162744
143740121
146301421
146536095
146982523
148364546
151756446
152145019
152570418
152582454
153063509
153567972
153718090
154428900
154806893
155065235
156005987
156172341
156838813
157517417
158138021
159311114
159333805
726190
794871
1222381
1422425
1831836
2520001
2584543
2793325
5385484
5445814
5725413
6152799
10541317
11906913
11981958
12646529
12834094
13589180
13599489
13705310
13753688
13915321
14221743
14910042
15206169
16382847
19481448
23188128
23659443
23764980
23825389
26373007
26515378
27019227
27343458
28243190
29031873
32314069
34747084
36917561
37077286
37538278
38917031
40543517
42577680
43168011
43454568
46404548
46444764
46564983
48857272
50965791
51117766
51506324
53197553
54242822
55206967
55242678
55529678
56427163
57146572
57481309
57597384
57597400
57870437
62049510
62062688
63240656
71811568
72571983
72597236
73404704
75133335
75276550
75850218
78765420
80122659
83269947
87877407
87901220
87945480
87945483
87957562
87962616
87964728
88126612
88147626
88162831
88725425
94850950
95648201
97360752
102188414
102427097
103192280
103529950
103719880
104840784
107227554
113778131
113911102
114484528
115491437
116528602
116972427
117215265
118152704
119237539
122071920
125733123
125768085
125925383
127470737
129735637
131365189
131397154
131718256
132085894
134774868
135002124
135056550
135316776
135826817
139568995
140562346
140696349
141130690
142539420
142607827
142955526
143777961
144044396
739887
1107105
2719280
3566328
11802244
12245616
12457654
13125452
14470589
18883423
19886801
22118295
22688146
25121529
25905483
26127815
26215765
28819714
29941923
31378995
31526270
31953668
32328924
32363936
33588051
34137171
34751670
36537463
37884841
38739031
39360599
40868734
40987727
42334518
42737700
63891494
63903442
69391312
69453537
70756697
72592448
72639605
73601375
74903954
75433706
77647555
77781731
79571520
79838486
79894149
83170206
84534206
84676080
85841055
85841058
86752397
87492829
87723435
88167878
88783700
90397391
95206848
95565572
99535507
103636734
104195519
104215462
104596167
107161532
107631169
112647403
115516355
115596748
116116179
116988340
117022852
117824086
118362058
118435187
118534095
119164715
119598262
119869563
120271416
120904298
120904299
121848045
122443868
122709047
122728831
123097782
125688328
125722905
126097094
128727367
135302993
136166456
137152894
1146628
1808047
2031006
2999501
5175920
6722120
8515752
9575457
10101255
10447941
10449402
11939400
12660835
13909618
13954799
14500375
16156468
16231406
16427294
17184825
17554441
19976277
20380452
21371421
23301936
27827692
31728510
33976336
34679321
35100676
35404126
35589633
35623810
35810699
36237463
36398443
36400660
36719708
36762427
36851065
36939182
37213171
37415208
37444791
37562348
39380070
40863382
42248118
42985627
45873265
45911326
46686257
48034557
48200359
49002608
49184473
49772622
52027976
52191329
52890196
54198748
55480877
59129302
61226661
61547155
62675950
63698108
72703693
73426663
78748543
78874351
79132693
79408473
82908740
86146033
86155810
86977836
89936562
91851074
92786851
96788634
97210038
103554253
104316186
104523081
104552216
104686800
104787948
105821919
106090295
106360262
106561478
108229703
108732174
109687349
111846933
111977492
114449786
116131268
117045609
117688039
119202107
119224431
120273193
120369929
121146345
123086105
124247932
124347964
125270284
125904450
125930363
128953083
130709203
130712587
130902274
133218597
651873
2767341
3527232
5252071
12984636
13290559
13290564
14382463
14999883
15262812
15667292
17325820
17841532
18843225
20327184
21243842
21243844
21399353
21523756
23405156
24307761
26118962
26312045
26509557
28505693
29673898
30273675
32200075
32280228
33285780
33364001
33430665
35186169
35563399
36260554
36983936
38216662
38278882
39312046
40730965
41178291
41939958
42045185
43004642
44173758
44539160
45603306
46211225
48018328
48993410
49102624
49601648
51627014
54347419
54347425
54539724
55642650
56551302
57093920
57595089
58830132
59511816
63312433
67538970
70131286
70261408
70698681
77572837
81656622
82509952
82557476
85158638
85549543
86208997
87080089
88445286
91081038
93090681
94754072
95083454
97336341
97489359
98159508
98260351
99550787
99782383
100509409
101769566
103553628
104146684
104536341
106146921
106262106
106780138
107815907
110341355
110955760
115052480
115374637
115485759
115573531
116053815
116339973
120968953
122655843
122789746
123620013
124540445
124632652
125408842
126662117
127111542
129725510
131142861
132842258
132867737
133629316
134015567
134853202
2467506
3142671
3204704
5106208
7156912
7332112
8787298
9967981
12278627
15567516
15743957
19256384
20281057
20818503
22310640
22827544
23090739
24790879
25064008
29387789
30057994
31009572
32986339
34306827
34364336
37642132
37859416
37989553
38159572
38348936
40016018
40273551
40834183
41133555
41587898
42272760
42305322
42815614
42996918
43302243
43561204
45061373
46330708
46743524
49204477
49265376
50465788
50497461
51410437
53008906
54674368
54844922
55116987
55792796
59215661
59945674
60638128
60823225
62035887
62926326
63135329
65466007
71191371
71908158
73252802
74146614
74723462
75916328
75964293
75984772
77675395
77693010
80692512
82188312
83335951
84008768
84192035
84452705
84685532
85469662
91289741
92456767
95994268
96742824
98301415
98400831
102294012
104020087
104465863
107121934
107332407
108281237
108379426
109435337
109822314
110571778
111851924
112107393
113655404
119549249
119549960
119840958
120071980
120268443
120435467
120659211
121592476
122657822
123380071
124758101
126121550
126783716
127138315
127347525
128160323
128549417
128726661
129904997
130044493
130145165
131025134
131639752
132182057
132333972
18203422
19141797
19438246
20200693
23188562
23544787
23672006
25161567
25778542
26175203
27904204
30512884
30585665
34612115
35887087
36090278
37089007
37332005
37643158
39609581
40038516
41080743
45008729
45573974
47854250
54905890
55000084
55803177
56812092
57733030
57754347
57973322
58146356
58491485
59083053
60351303
60834254
61248710
61462315
63171615
63818585
63859933
64311885
64823922
64846893
66045363
66648433
69526967
71605899
73999445
74205792
74501194
75080299
75178887
77433887
78355724
78913135
79261662
79479392
82798146
83340368
83804040
83955899
84275243
85182173
85926922
88761374
89842396
94166055
94791153
94952118
97601724
97868786
98125626
98355533
98497430
99208039
100234913
101224516
103647901
104064431
104725028
105313117
107310717
107387247
109016659
109093314
110011252
110921979
111049199
111155007
111622083
111972379
111979418
112369469
113424235
19419933
20216770
20504556
20551714
21207020
22925165
25124365
25462126
27654457
28047846
28901922
29520392
29835632
33250104
36429207
37227655
39595683
39688156
40318555
40411637
41142545
41228075
41509179
42312065
42664997
43368308
46326145
46429347
48793015
48805355
49055092
50354040
55850842
59713267
59771001
61138023
64271962
64720313
65112050
65146297
68339245
71903616
72140121
72392347
72415505
80056018
81308195
84246477
84458358
84463158
85024286
87085095
87347282
87757298
87823474
90358848
91173267
91225642
92903151
93721037
94018163
94920359
95949163
99192757
104900768
105451263
105592435
106381534
106460566
22590558
24348451
24640450
24732362
24741384
24756542
25190596
25238713
25705178
26000575
26051836
26074271
26360970
26641512
27043705
27837558
27990254
29835563
32840622
34460335
34744461
36938627
37058088
37084931
37352952
40316460
40336637
48490213
49235695
52704458
54842713
55165626
55733149
57092079
59727400
60168447
62265825
69512846
70715964
71145992
74186935
76144117
78871546
79005906
81397275
82694259
83243409
83652367
83865665
83945333
84618426
84694814
86362090
86528166
87758879
87859404
88378984
88691747
90842899
93435638
94441973
94512228
94602070
94833575
95040589
97697609
100418391
100418395
101376055
101818542
817791
913616
932318
1158401
1864160
1944946
3241982
7324388
7367833
8626142
9246685
11077244
11142359
12013859
12718970
13977222
17087411
18813068
19281832
19929442
20138996
20623524
20711806
21566737
22632437
24354875
24360785
24467115
24977267
25728667
26626689
26954711
28901611
30106554
30324454
31160028
34645925
34736215
35538852
35561923
35694411
36004452
46834823
47928772
49349079
50045084
52673317
53412838
53991770
54265121
57472388
57681373
57853147
58061551
59626069
60293798
60377237
61716235
63113981
63570479
63686125
65121309
65142906
65923539
66662108
67134281
68171499
68525244
68701479
70018355
70169755
71774972
74142874
75424416
79042376
80441820
82100331
82182982
83608995
85752067
87695622
89020809
89028489
89090630
89185953
89186418
509665
3884398
3988761
4252887
5810893
6077513
6852653
7220683
7639252
9054976
9257443
11855825
12245954
13173468
13458373
13897392
14716498
14972242
15803812
22138634
26632359
27063617
27485464
27718099
27938567
31086156
31266438
32907475
33822600
33865772
34154405
34755135
35424288
36019345
37739073
39908660
43645704
44970163
45279112
46099333
54499436
54651319
58620882
62532231
64827511
67402612
68127295
68976631
69671983
71152241
72111830
74259245
76801771
78351882
81630866
66604
335492
5658776
6232026
7132789
8104613
8150693
8581336
9419703
9425291
11742562
12581860
13970452
14553256
18449971
21967692
23107874
23181369
23485796
24174354
24839803
25083306
25601821
26822691
26822696
27636072
27711193
29267237
29406679
31293196
31722159
32588754
34545967
35150262
37607671
37632171
37924928
38739198
38857646
39303834
39855315
40861808
42466691
42747791
44226998
44314522
48376347
48506520
50725794
53030209
55362769
55478563
55667063
56203768
56215698
56275947
57038319
58905403
59148268
59569635
60014262
60425096
61027917
63824566
63899701
64114131
65028407
66644678
67592010
67811694
69506756
69708529
70548997
71864886
76045969
76087339
76143367
76288701
76600371
76916950
78204664
78211152
78698344
79257155
79289186
80166812
536041
4467985
5103441
5517640
8791382
9836887
10041007
10406568
11274999
12368871
13419851
13754747
14698468
14968438
16327206
17725833
17728369
20570862
22570175
22626223
22716057
22716060
22844047
24210056
24316300
29440119
29888680
30100226
31402296
31543224
32070566
32513125
32516592
33091380
33547614
33839071
34123690
36500729
40828722
40940979
41270253
41503741
41923057
49982982
50209230
50766612
53563546
54517210
55303469
55950946
2208964
4488614
6170157
8100923
8442476
9706124
10328258
12716737
12796237
16746612
17975271
19354365
19829759
22031269
22060045
22295027
24880087
24892108
24967816
26381562
28416175
28770230
29849048
30285450
30324323
30396296
30858021
30869965
33216366
34402190
36451597
36773783
40800259
41753194
41799763
41812551
41822048
42015086
43165304
46388592
47188181
47956778
48264699
48264702
52062326
52701745
53047657
54471037
54723593
54759013
56114325
56149236
56947294
57733425
58732888
60121724
61397098
61696464
61855643
61971107
63120582
63576696
63827525
8768326
9871479
10515532
10678885
10738156
12996060
12996075
13154629
13435621
13807788
14959611
15983001
16818193
17915272
22276226
23392383
23857065
24040652
24379020
24830022
27438111
29919280
30329134
31032505
31064478
32926098
33371944
37714413
38195368
38355179
39777376
40340956
45414111
45634566
11068396
11614808
12341423
12520131
12781926
15826015
15841180
16904229
16937283
19012860
20357416
22658812
27911103
29241491
33649646
35683628
36726191
38234313
38264799
40283810
42722777
43463806
44666929
44860456
45591505
45951560
47124965
47948919
48104346
49169504
49415511
4473883
5444445
5676797
5818058
7431369
7639773
9403271
9647207
12743092
13139398
14444273
15975203
15993983
17178595
18166564
18927247
19177969
19290672
19353026
20596347
21962507
22005999
23471030
24258780
25621013
26049917
26105848
26136483
27490501
27829525
28075963
29716282
29850536
29934159
30846713
31071771
31527694
32162738
34279867
34490452
34595348
35163716
36508178
36544408
36548850
37854036
38372634
39631569
39734119
39808330
39819489
39915309
40402322
42077887
43265094
43670936
47260041
47657211
47987306
48145908
48437290
50216199
50499641
51396262
51496748
51642152
51863230
53236284
53739073
53982630
54653671
54827302
56119549
57031578
57779553
57926291
58277088
63330095
63901771
63901774
64271326
64618593
65414945
65479899
65646683
66058195
67413981
67435427
69063390
69096978
72129920
72391295
73126522
74505831
74905639
75118983
75235691
75441749
77008386
77487687
79988351
80132634
80407434
81072470
81930756
83566969
83715888
84459379
86003730
86666684
87104818
87991952
88122853
88276736
88460629
90556870
91227668
92103526
92627071
92919709
93290499
94502473
94580915
95806494
96994440
103075314
103938333
104501406
105279769
107053208
107053223
107964582
108637089
109179359
112381002
112394432
112446853
112738084
113109038
114021813
115255384
116434763
117457619
118247038
118247046
119100221
119871778
122711226
123161270
123855176
123911539
124078089
124829509
125181393
126453325
127490058
128723924
130083921
130294669
131470872
131593218
135526788
137219658
137405670
138293052
138585527
138847085
138994429
139453355
139720963
140078498
140548392
140806777
140825821
141757770
142682894
142995616
143451332
144009720
144266365
144683612
144771353
144843271
145108411
145764457
145805349
146876585
148636809
148999470
149580796
149629602
150886938
153932307
204
920
84770
148479
61672
146916
159916
20843
108908
21053
962
39801
35705
8865
61175
61179
162127
153782
162812
154492
